PS G:\My Drive\study\net-pro\03> ./a .out
A = 44.179540
B = 50.996295
C = 64.629805
D = 53.618124
E = 57.813050
F = 58.337415
G = 31.070396
H = 57.288684
I = 45.228272
J = 36.838420
